Standard deviations:
[1] 1.8115072 1.3741018 0.9733818 0.5822027 0.5460490 0.3966550 0.2972358

Rotation:
                           PC1        PC2        PC3         PC4        PC5         PC6         PC7
ratio_foreclose     -0.4581692  0.3024961 -0.1922084  0.40405023 -0.1321638  0.06894134  0.69004078
inventory_measure    0.2693593 -0.5824322  0.1226025 -0.26450618 -0.4029990  0.26656431  0.51938296
price_to_rent        0.3931370  0.1321940 -0.5843651  0.23644274 -0.6098481 -0.13437306 -0.20151785
sold_for_gain       -0.2664775 -0.4114166 -0.6331888  0.02079778  0.3049519  0.48445967 -0.17512467
increasing_in_value -0.4614901  0.2343689  0.2109996 -0.27337997 -0.5422212  0.45137679 -0.33925767
pct_price_reduced   -0.2612674 -0.5247323  0.3084617  0.64927414 -0.2008661 -0.18090259 -0.25810245
median_sold_price   -0.4590488 -0.2285983 -0.2567964 -0.46276198 -0.1444407 -0.65951991  0.03308072
